&parameters
! fixed amount as forcing

 ! spatial grid
 lo_nx = 150
 hi_nx = 120
 lo_lx = 6.28318530718
 hi_lx = 0.04188790204

 ! time grid
 nstep = 10000
 dt = 0.001
 nwrite = 10

 ! forcing
 lo_gamma1 = 1.0
 hi_gamma1 = 100.0
 lo_ikf = 2
 hi_ikf = 2

 ! dissipation
 lo_visc = 10000000
 hi_visc = 10000000000

 lo_fkinit = 1
 hi_fkinit = 0.5
/
