&parameters
! fixed amount as forcing

 ! spatial grid
 lo_nx = 100
 hi_nx = 50
 lo_lx = 6.28318530718
 hi_lx = 0.04188790204

 ! time grid
 nstep = 10000
 dt = 0.001
 nwrite = 100

 ! forcing
 lo_gamma1 = 1.0
 hi_gamma1 = 30.0
 lo_ikf = 2
 hi_ikf = 2

 ! dissipation
 lo_visc = 100000000
 hi_visc = 1000000000

 lo_fkinit = 0.1
 hi_fkinit = 0.05
/
